aaaaaa
curr (0, 9) stack [(1, 9), (1, 8), (0, 8), (0, 10)]
aaaaaa
aaaaaa
curr (0, 9) stack [(1, 9), (1, 8), (0, 8), (0, 11)]
aaaaaa
aaaaaa
curr (0, 10) stack [(1, 9), (1, 8), (0, 8), (0, 12)]
aaaaaa
aaaaaa
curr (0, 11) stack [(1, 9), (1, 8), (0, 8), (1, 13)]
aaaaaa
aaaaaa
curr (0, 12) stack [(1, 9), (1, 8), (0, 8), (0, 14)]
aaaaaa
aaaaaa
curr (1, 13) stack [(1, 9), (1, 8), (0, 8), (1, 15), (0, 15)]
aaaaaa
aaaaaa
curr (0, 14) stack [(1, 9), (1, 8), (0, 8), (1, 15), (1, 16), (0, 16)]
aaaaaa
hide spot 7 (15, 11)
chase [(9, 11), (10, 11), (11, 11), (12, 11), (13, 11), (14, 11), (15, 11)] (9, 11)
aaaaaa
curr (0, 15) stack [(1, 9), (1, 8), (0, 8), (1, 15), (1, 16), (1, 17), (0, 17)]
aaaaaa
chase [(10, 11), (11, 11), (12, 11), (13, 11), (14, 11), (15, 11)] (9, 11)
aaaaaa
curr (0, 16) stack [(1, 9), (1, 8), (0, 8), (1, 15), (1, 16), (1, 17), (1, 18), (0, 18)]
aaaaaa
chase [(11, 11), (12, 11), (13, 11), (14, 11), (15, 11)] (10, 11)
aaaaaa
curr (0, 17) stack [(1, 9), (1, 8), (0, 8), (1, 15), (1, 16), (1, 17), (1, 18), (1, 19), (0, 19)]
aaaaaa
chase [(12, 11), (13, 11), (14, 11), (15, 11)] (11, 11)
aaaaaa
curr (0, 18) stack [(1, 9), (1, 8), (0, 8), (1, 15), (1, 16), (1, 17), (1, 18), (1, 19), (1, 20)]
aaaaaa
chase [(13, 11), (14, 11), (15, 11)] (12, 11)
aaaaaa
curr (0, 19) stack [(1, 9), (1, 8), (0, 8), (1, 15), (1, 16), (1, 17), (1, 18), (1, 19), (0, 21), (2, 21)]
aaaaaa
chase [(14, 11), (15, 11)] (13, 11)
aaaaaa
curr (1, 20) stack [(1, 9), (1, 8), (0, 8), (1, 15), (1, 16), (1, 17), (1, 18), (1, 19), (0, 21), (3, 21), (3, 20)]
aaaaaa
chase [(15, 11)] (14, 11)
aaaaaa
curr (2, 21) stack [(1, 9), (1, 8), (0, 8), (1, 15), (1, 16), (1, 17), (1, 18), (1, 19), (0, 21), (3, 21), (4, 20), (4, 21)]
aaaaaa
NEEED TO PATH BACK
0.00024962425231933594
aaaaaa
curr (3, 20) stack [(1, 9), (1, 8), (0, 8), (1, 15), (1, 16), (1, 17), (1, 18), (1, 19), (0, 21), (3, 21), (4, 20), (5, 21), (5, 20)]
aaaaaa
8 (15, 11) (15, 11)
aaaaaa
curr (4, 21) stack [(1, 9), (1, 8), (0, 8), (1, 15), (1, 16), (1, 17), (1, 18), (1, 19), (0, 21), (3, 21), (4, 20), (5, 21), (6, 20), (6, 19), (5, 19)]
aaaaaa
6 (15, 11) (14, 11)
aaaaaa
curr (5, 20) stack [(1, 9), (1, 8), (0, 8), (1, 15), (1, 16), (1, 17), (1, 18), (1, 19), (0, 21), (3, 21), (4, 20), (5, 21), (6, 20), (6, 19)]
aaaaaa
6 (14, 11) (13, 11)
aaaaaa
curr (5, 19) stack [(1, 9), (1, 8), (0, 8), (1, 15), (1, 16), (1, 17), (1, 18), (1, 19), (0, 21), (3, 21), (4, 20), (5, 21), (6, 20), (7, 19), (7, 18)]
aaaaaa
6 (13, 11) (12, 11)
aaaaaa
curr (6, 19) stack [(1, 9), (1, 8), (0, 8), (1, 15), (1, 16), (1, 17), (1, 18), (1, 19), (0, 21), (3, 21), (4, 20), (5, 21), (6, 20), (7, 19), (8, 18), (8, 17), (7, 17), (8, 19)]
aaaaaa
6 (12, 11) (11, 11)
aaaaaa
curr (7, 18) stack [(1, 9), (1, 8), (0, 8), (1, 15), (1, 16), (1, 17), (1, 18), (1, 19), (0, 21), (3, 21), (4, 20), (5, 21), (6, 20), (7, 19), (8, 18), (8, 17), (7, 17), (9, 19), (9, 18)]
aaaaaa
6 (11, 11) (10, 11)
aaaaaa
curr (8, 19) stack [(1, 9), (1, 8), (0, 8), (1, 15), (1, 16), (1, 17), (1, 18), (1, 19), (0, 21), (3, 21), (4, 20), (5, 21), (6, 20), (7, 19), (8, 18), (8, 17), (7, 17), (9, 19), (10, 18), (10, 17), (9, 17), (10, 19)]
aaaaaa
aaaaaa
curr (9, 18) stack [(1, 9), (1, 8), (0, 8), (1, 15), (1, 16), (1, 17), (1, 18), (1, 19), (0, 21), (3, 21), (4, 20), (5, 21), (6, 20), (7, 19), (8, 18), (8, 17), (7, 17), (9, 19), (10, 18), (10, 17), (9, 17), (11, 19), (11, 18)]
aaaaaa
aaaaaa
curr (10, 19) stack [(1, 9), (1, 8), (0, 8), (1, 15), (1, 16), (1, 17), (1, 18), (1, 19), (0, 21), (3, 21), (4, 20), (5, 21), (6, 20), (7, 19), (8, 18), (8, 17), (7, 17), (9, 19), (10, 18), (10, 17), (9, 17), (11, 19), (12, 18), (12, 17), (11, 17), (12, 19)]
aaaaaa
aaaaaa
curr (11, 18) stack [(1, 9), (1, 8), (0, 8), (1, 15), (1, 16), (1, 17), (1, 18), (1, 19), (0, 21), (3, 21), (4, 20), (5, 21), (6, 20), (7, 19), (8, 18), (8, 17), (7, 17), (9, 19), (10, 18), (10, 17), (9, 17), (11, 19), (12, 18), (12, 17), (11, 17), (13, 19), (13, 20)]
aaaaaa
aaaaaa
curr (12, 19) stack [(1, 9), (1, 8), (0, 8), (1, 15), (1, 16), (1, 17), (1, 18), (1, 19), (0, 21), (3, 21), (4, 20), (5, 21), (6, 20), (7, 19), (8, 18), (8, 17), (7, 17), (9, 19), (10, 18), (10, 17), (9, 17), (11, 19), (12, 18), (12, 17), (11, 17), (13, 19), (12, 21), (14, 20), (14, 19), (14, 21)]
aaaaaa
aaaaaa
curr (13, 20) stack [(1, 9), (1, 8), (0, 8), (1, 15), (1, 16), (1, 17), (1, 18), (1, 19), (0, 21), (3, 21), (4, 20), (5, 21), (6, 20), (7, 19), (8, 18), (8, 17), (7, 17), (9, 19), (10, 18), (10, 17), (9, 17), (11, 19), (12, 18), (12, 17), (11, 17), (13, 19), (12, 21), (14, 20), (14, 19), (15, 21), (15, 20)]
aaaaaa
aaaaaa
curr (14, 21) stack [(1, 9), (1, 8), (0, 8), (1, 15), (1, 16), (1, 17), (1, 18), (1, 19), (0, 21), (3, 21), (4, 20), (5, 21), (6, 20), (7, 19), (8, 18), (8, 17), (7, 17), (9, 19), (10, 18), (10, 17), (9, 17), (11, 19), (12, 18), (12, 17), (11, 17), (13, 19), (12, 21), (14, 20), (14, 19), (15, 21), (16, 20), (16, 21)]
aaaaaa
aaaaaa
curr (15, 20) stack [(1, 9), (1, 8), (0, 8), (1, 15), (1, 16), (1, 17), (1, 18), (1, 19), (0, 21), (3, 21), (4, 20), (5, 21), (6, 20), (7, 19), (8, 18), (8, 17), (7, 17), (9, 19), (10, 18), (10, 17), (9, 17), (11, 19), (12, 18), (12, 17), (11, 17), (13, 19), (12, 21), (14, 20), (14, 19), (15, 21), (16, 20), (17, 21)]
aaaaaa
aaaaaa
curr (16, 21) stack [(1, 9), (1, 8), (0, 8), (1, 15), (1, 16), (1, 17), (1, 18), (1, 19), (0, 21), (3, 21), (4, 20), (5, 21), (6, 20), (7, 19), (8, 18), (8, 17), (7, 17), (9, 19), (10, 18), (10, 17), (9, 17), (11, 19), (12, 18), (12, 17), (11, 17), (13, 19), (12, 21), (14, 20), (14, 19), (15, 21), (16, 20), (18, 20)]
aaaaaa
aaaaaa
curr (17, 21) stack [(1, 9), (1, 8), (0, 8), (1, 15), (1, 16), (1, 17), (1, 18), (1, 19), (0, 21), (3, 21), (4, 20), (5, 21), (6, 20), (7, 19), (8, 18), (8, 17), (7, 17), (9, 19), (10, 18), (10, 17), (9, 17), (11, 19), (12, 18), (12, 17), (11, 17), (13, 19), (12, 21), (14, 20), (14, 19), (15, 21), (16, 20), (19, 19), (18, 19), (19, 21)]
aaaaaa
aaaaaa
curr (18, 20) stack [(1, 9), (1, 8), (0, 8), (1, 15), (1, 16), (1, 17), (1, 18), (1, 19), (0, 21), (3, 21), (4, 20), (5, 21), (6, 20), (7, 19), (8, 18), (8, 17), (7, 17), (9, 19), (10, 18), (10, 17), (9, 17), (11, 19), (12, 18), (12, 17), (11, 17), (13, 19), (12, 21), (14, 20), (14, 19), (15, 21), (16, 20), (19, 19), (18, 19)]
aaaaaa
aaaaaa
NEEED TO PATH BACK
path to neighbors [(19, 19), (19, 18), (18, 18)]
0.00021338462829589844
curr (19, 21) stack [(1, 9), (1, 8), (0, 8), (1, 15), (1, 16), (1, 17), (1, 18), (1, 19), (0, 21), (3, 21), (4, 20), (5, 21), (6, 20), (7, 19), (8, 18), (8, 17), (7, 17), (9, 19), (10, 18), (10, 17), (9, 17), (11, 19), (12, 18), (12, 17), (11, 17), (13, 19), (12, 21), (14, 20), (14, 19), (15, 21), (16, 20), (19, 19), (19, 19), (19, 18), (18, 18)]
aaaaaa
aaaaaa
8 (19, 21) (19, 21)
aaaaaa
aaaaaa
7 (19, 21) (18, 20)
aaaaaa
aaaaaa
0 (18, 20) (18, 19)
aaaaaa
aaaaaa
curr (18, 19) stack [(1, 9), (1, 8), (0, 8), (1, 15), (1, 16), (1, 17), (1, 18), (1, 19), (0, 21), (3, 21), (4, 20), (5, 21), (6, 20), (7, 19), (8, 18), (8, 17), (7, 17), (9, 19), (10, 18), (10, 17), (9, 17), (11, 19), (12, 18), (12, 17), (11, 17), (13, 19), (12, 21), (14, 20), (14, 19), (15, 21), (16, 20), (19, 19), (19, 19), (19, 18), (19, 17), (18, 17)]
aaaaaa
aaaaaa
curr (18, 18) stack [(1, 9), (1, 8), (0, 8), (1, 15), (1, 16), (1, 17), (1, 18), (1, 19), (0, 21), (3, 21), (4, 20), (5, 21), (6, 20), (7, 19), (8, 18), (8, 17), (7, 17), (9, 19), (10, 18), (10, 17), (9, 17), (11, 19), (12, 18), (12, 17), (11, 17), (13, 19), (12, 21), (14, 20), (14, 19), (15, 21), (16, 20), (19, 19), (19, 19), (19, 18), (19, 17), (19, 16), (18, 16)]
aaaaaa
aaaaaa
curr (18, 17) stack [(1, 9), (1, 8), (0, 8), (1, 15), (1, 16), (1, 17), (1, 18), (1, 19), (0, 21), (3, 21), (4, 20), (5, 21), (6, 20), (7, 19), (8, 18), (8, 17), (7, 17), (9, 19), (10, 18), (10, 17), (9, 17), (11, 19), (12, 18), (12, 17), (11, 17), (13, 19), (12, 21), (14, 20), (14, 19), (15, 21), (16, 20), (19, 19), (19, 19), (19, 18), (19, 17), (19, 16), (19, 15), (18, 15)]
aaaaaa
NEEED TO PATH BACK
0.0001633167266845703
aaaaaa
curr (18, 16) stack [(1, 9), (1, 8), (0, 8), (1, 15), (1, 16), (1, 17), (1, 18), (1, 19), (0, 21), (3, 21), (4, 20), (5, 21), (6, 20), (7, 19), (8, 18), (8, 17), (7, 17), (9, 19), (10, 18), (10, 17), (9, 17), (11, 19), (12, 18), (12, 17), (11, 17), (13, 19), (12, 21), (14, 20), (14, 19), (15, 21), (16, 20), (19, 19), (19, 19), (19, 18), (19, 17), (19, 16), (19, 15), (19, 14)]